35,13
42,35
35,38
14,5
33,4
33,135
33,255
33,254
33,253
33,252
33,251
33,250
33,249
33,248
33,247
33,246
33,245
33,244
33,243
33,242
33,241
33,240
33,239
33,238
33,237
33,236
33,235
33,234
33,233
33,232
33,203
33,192
33,82
33,119
33,81
33,83
33,5
33,141
33,3
10,121
10,235
10,179
10,125
10,139
10,71
11,15
11,4
11,19
11,6
11,29
11,17
8,8
8,11
8,4
8,13
0,318
14,1
14,4
35,9
35,8
35,7
35,6
35,5
35,4
35,3
35,2
35,1
35,0
34,5
34,4
34,3
34,2
34,1
34,0
33,80
33,79
33,78
33,77
33,76
33,75
33,74
33,73
33,72
33,71
33,70
33,69
33,68
33,67
33,66
33,65
33,64
33,37
33,36
33,35
33,34
33,33
33,32
33,31
33,30
33,29
33,28
33,27
33,26
33,25
33,24
33,23
33,22
33,21
33,20
33,19
33,18
33,17
33,16
33,15
33,14
33,13
33,12
33,11
33,10
33,9
33,8
33,1
33,7
20,3
20,2
20,1
19,3
19,2
19,1
18,3
18,1
14,3
13,3
13,1
12,3
12,2
12,1
